0	020030070103500000504000000300800095000000040005020006000970000000001239060300080
1	002150000657000000400009000009700000000000001023081000004300100700004500000900087
2	400000000005708000980000017000000805009060040000200000030000009850610003007030600
3	002074900706001000000080205903006000000090000207000004080700000070018009000000006
4	000025060003000000090003400000004507005210090000008000604100030500400701300000020
5	506000100000070000002000080000040905800002000300560800201300500000010400640200070
6	500740600400009000030060000000000340607900000000050020010000080063004001900000402
7	004800000000320408600009010000000089720000300000005007019000000050640800000001030
8	000060040009001000008200100000510902037004008000023000000009070805000000060050000
9	000000300802900000000810000000000000650007003700004105000400907000020000124090600
10	000700034050000000308000000060007100000903040100400000080000090900000072001302580
11	080030600000001027000809000769000000000076000400900002003682000002007408000000010
12	001080000250907003006000004000000040093700010000025007000250000480030050000104000
13	060023079000007001000000200004600000800001000590070000208030000745802300000050000
14	080400100000000090000010730408000006001040000000005020000000000560009000900720360
15	100300000009070800607000002000000601000080050003000040080009300091800400020030700
16	740080010000106000008450000007000000350000840000500207800000000060010703004709102
17	080270300096840700003900020000001600300080005700000049000000060005700000800000500
18	006000003000080020800601000708000000000000400030520081010009050300800240507000000
19	000002060070000000040006059200000610000000003008074002000040070906010004080005000
20	000600050700020009000000000000000006030506410006319000001008000600000780920040030
21	000000407593000000002000000000000050300008700080024060000070600905600001400012000
22	400020000073080000200000490010007900004010280000000000002009030000570810190000000
23	300000000600040000000010070020070500004900020000031008008000009150003086400020001
24	080900010200540000600080400000200180041000920000000006006000700070400009320007040
25	000000219500800000000004000007000000013000080405000602000070060009041700060090423
26	005080000600004020000390400200510000030400060000000090090170000054000003060200009
27	000000090000900700004568020017004200000050070060000005100070500370840600800009000
28	030049000200000000608030000000810070300000092000027030000084009903000600500000340
29	000000000000010407401900000060005030000090620800470000900040003000500000080007012
30	600023040002005000000100000105080004000000000008604031300402600020030708006500000
31	009000000004060720001400008650000000007051000000700600070000000800005092390200400
32	000086007308020400000010000000005000050600900039000760400001080020730000006000009
33	000001080940000710006540000503000400000000060007000002205010070000050000060207809
34	100002000930060000000900008004500020300010005000080700208007600600000100010300200
35	000020000000703901000510008000000605018205007003800000090000400320000000005006200
36	001405900600000200090000000900007000000580300005000080009070800070200000483900050
37	000400000001000070400700805204000009700006050008000100006900002340001600005008007
38	061700000003008000000200807430002010006100050000000000070001004000007069500024000
39	000070080000000000208003460020000900057600230060000000090001008000050700086200105
40	008069000040000000700020001000070825000005004034000000600002950000600000080010300
41	000000010006090005000000400004100000025008000000000741018405009000060000050300020
42	802000001000096000065001080000000000070000140080040009000000002407100950001305000
43	000700020000300500002500401400003000001000260600000170008007006000920000304005000
44	000000630002649000040001000000100020200000407007560080000950000700006000001000802
45	038900700007604009000000004900300001000000500600000007000030000200400650001700090
46	800002000090300070005090006000900630010420000380000200600089003000070100007600008
47	000090870000500003098000001001000034502600000000002000000030007070200065010008000
48	000060070001000000050904003000000000003018042260500000016050300004230017000001409
49	003000120000040000509000070800000500900800030000020640000000300236100000107590000
50	000204100000010000890600007000063080704050031000000000005000010000040009003028705
51	800125000009040000060000005030050040007900300001000009000470100000000280020003006
52	080003000019000800200050003070400906005900001000506004400000300000104600000020000
53	090300051100000800600052000000008004000009037360000000010000079900007100470600000
54	405620000090500060020030700670000050040000000802000000030050200000102040000063071
55	700009400000060300050000010000900040070800500004000600081070000400003160003100807
56	105800002000000050600010900000300005070140600000600420057000000090400010400000870
57	108000000030000060097203000600000070000450180300820000002040590000005000000000304
58	006050912000000000000600000030200006009470800004008009080020030020007108090500070
59	000700540040002900900000000400000050209100008000000300000080001730000060100205890
60	000003000980610000000070085010400600000002000300000002805006309070000040000540060
61	700000908000096100001500000002010030090060000000903780000000015000005420084000000
62	007000004800009200000006931000003400004000768000080010000000006003012050159000000
63	000070520510080600000000000080040070000600030000008000007060300000203019093004050
64	900000300004005006060000020000210903600300050080000000200700000040830007890002004
65	070300006800500001005020070000080100100003007700004039000000000290060000060070402
66	208010400009000000000008000000025073074000200320700080000807030090002000007159002
67	000000090000541300008000000005000270280000005000090000006000080000830051000170036
68	850003024090004030700000000010458700900010000000900000000070050500000470006009008
69	002600004800300700000000001700009000000160500000007608005000097107900060400028010
70	007090000020104030000800001006002093000080406900000000390000070048020000000700050
71	080104009200070000070200400009000600000800000000002504040901007508006001060000005
72	000004000001900627050000000030007504000000000009006000702000050010080400000010296
73	000000723903007000010000000091260000000030001305000090000000600080005400620170008
74	054001060000508070100000000400002500000003920005070000000800039006300800809000750
75	002300401000006020000000000030000710000800503001009000009000042060005000100602950
76	040200060097000100060005904070000050006004070000600003000010800500428000000300000
77	710008000300000600000000003008370000000005000000040079906000000040001302500790080
78	000009060003026040200030090080000004030000080000095700710003609000000000650040800
79	008100400010000560250300107800400000000080000004001020590000000000700001000230740
80	960400002002000000030800070000007900008050003000000000070019064000200005040005290
81	300700000000053008004001000000690050200000003008040010090000004002030075010500360
82	456000000000700000030509040080030000900000087000000012004015028001000000000027056
83	302000000000702100740080000005630008001000000090500000070000500100000760008000312
84	001000008800000900042000003000750000007060010600020500003000174000090000500010360
85	000019000170350020000007000000730000007004200200000900009000080600000053300080007
86	000000007000080030003000092010000800759000000008030470002970040000000008090001000
87	000082000610040000000000700004001350006200009500000402000020090040806103103000000
88	001000049000090052500000000070045090000000030080000100003206000000008704900007000
89	600580000090000000800010905300090070007000002100700000001240500003000000000005037
90	206000008050700000010300009000045000000800010080036000007500320030010480002000000
91	090170050000900046040000000000000000001000900280510000030000005000702003805030612
92	006000085095000060400090000019000000800620000060004000000205706008071000050000012
93	040571000130060000000000000050004090960000270200000005000200907400006000003005801
94	900400000210060300040900000500070090000000100100000020005800032000050000304002007
95	200100000004080007050000900080000000015800072400090350000030020001040000003209500
96	000003046000000005007000310000060030501000000009001007090205801005008000760300900
97	400090050008001900000500000026000000000008109070030080060450800700080030000000015
98	230410900000580000800902000000000090000060503000150070006000002015000800470000050
99	300685000820070090060000000070090030000106700050000014000204000000500100204007000
100	090003001007048000000000050000000000000890073000005802500009000203000590180060004
101	070500408000070000000004100300000000000090000805020009109007803756008090000000604
102	013860000960000000002003000000506070005001000000002840000000300070000590090207001
103	000050008645008030000000000030000200006005003008007040003000706000026000900040010
104	900600100030028050000007200040000000800000005010000047060500491020070003004800000
105	000000042020068190050700000000007400080026000100040000306000000000005930000670000
106	700600000000021000046758000300000000000300010850000700500800190000190060008506000
107	079000000000056000004020003000008000000000264010000090058940000900000030001863002
108	100680000040000001082000000000000092000009380500100000006070000000010203970300006
109	100080000008600050000090280690000000000000800003000504305027900070003000900040007
110	000007004000620800000100070060800000004000002071000500400090300010300650906000700
111	030600200000059000408300000090008060010706000500900008000000050903000100700400309
112	000027000000003000068910030100090000306000100520700009000000020000032005600000087
113	007040900000003700105000003000002040002075008706004000000600005050019000000020400
114	600000904002900008300000010800050000093100000001700039020807000000004000400000823
115	500000000000000200004000098000200700608003000000710060200095006700000320030607409
116	000300501100040308200000090008000150000900060509006002074000000000630000605070040
117	004760003000200010830000000600500000050000000000010902900600080000100790510008060
118	000700900040060000002000000004070005900602400800000103060309570000006000209000008
119	060080032500000900800400000070098000000700200000504000087010605000000009901000380
120	912050300300000000045008000109600000000900000000010070054000806000020504000040039
121	000000600000200534001050000570060000000000060000400000600300108430002090020007006
122	005780090400900030000030070000000000801350900090108200052070300908000000107000504
123	020000086000400070000002035001000060500009000060000100039800000600504000800270090
124	003009050000076000090210300010000982000000000008500000001400060040000200050600030
125	204300000800060040030000000000010306900800000001000005006200009590006170000530600
126	080040000100300020204500098030000002000006000509000600000812070300000000020400010
127	006000001010026800400000000845060007000900000200700040500001006000000780002807300
128	100200040729030000003000000906004700007029600050100080000080006000000400300000900
129	900006005015040000700000900000000000000900034000408019006200500070300020009500370
130	050000340090000800001040050000090100000120006000605000030080900000010208004076000
131	003070000020000790105000000000900006040020000300407009900035000508040020007600030
132	001700090000060000950000400005200600000000000000048500017002030020836005006001200
133	690000040008700010000050800000400000000000065001860432004007008016200000080000050
134	100009200000000560300080000090100000200070010001406700000500008070800001650030004
135	900080700008000305360400000000000093000103000000040206000000050040709100600020009
136	000007002001000350008306004604009500000000900900008007000090023806020000030084060
137	030750000000000000060000841100300002050006400300000070607004900001080734000010060
138	000000600705060020200719008000000002000800541401000000009072006007040000008000090
139	500108069090000001000050000000000050340000000709000083000870000008019002200500040
140	000000000079430000100070000500690000000503086000000010401000002803200407200005600
141	300000000058000030000501009000400052000200300800060000015004800004052007090007000
142	031600000700000000090080006005100089900400000020506000002070090060001070007002104
143	701003500002978060000050000009030000000060007080005000006000400000001203015080009
144	200700090008010000300006000506008000007000400080100000003000050004680009800002103
145	001090300280000000500002081000010000023004070106000005000005006002700008000130200
146	030016800590000007008007000702000000060000000000300009040200560000000008300158090
147	020000007000000183053401000700008000000020900016003000001000004000049510600000008
148	000008003005023004000400000020007900600030005057062000000100000210040509704000000
149	800070300000000079020000001000306020304000600000100007000023000237500000005080040
150	000310720006020000003709000380400000002080009100000040000000600000503200940000300
151	800009040000200000000000600609340050000007000004800029060001590908400070003500004
152	000080000307000000900500040001007002004800000000059037060010870000090600050030009
153	001079000720040000009085001008000040070000250600000803085000070000800629000000000
154	604000000000403000700000200060000090040002105050090027000104600000030000003206570
155	000005340025000800040000000008074000000000900600010003000000010800260000070100502
156	080090000000000000609300000000003000008201006020008701004000020001670405036400000
157	401050800000640000050030070000000060000570010000201095100900600008000000040000039
158	001900700480000000309060800000800000000000905126000000000200040018030000000005092
159	002004070000270004000060500000000010697000205010080400900610000000408900200500300
160	070020506000000000005604291000002370300000100000037020900050002400000060051000000
161	000000200400700000000500761000900030000000042050300180270030000009007500010006008
162	050300000004008003018000095000000002100020060006040000000074050502000010030900046
163	900300000500000002004010800307040001200000700000908020000400670010060000600050019
164	000000007600004000045103080000000100700040000000200053000010509007020006080600040
165	000060107051020000300000000020040090000009026600010000400000803010004560000037000
166	005030000300016400000450309059001008000605070000008000060000920908000000002004007
167	400730802005090000200000010000905400008470003007000200100800000056009001900000000
168	605100003030020080090000000000060708000230069000005000000050030000006100049000072
169	009080050800600037000030000200000000003000094600070000100420000907005080005703100
170	200070096850100070407020800000600000000002000000310065100000007600530280000006030
171	056800070400000000000005040207000000030610000000700900060000051080130000090060203
172	000009002310000800002000006056703000000405000000000930703000080041000020020170040
173	008500400002490070600000000061000000000030705000000610090008200806000004000070003
174	000000000094000120010800307000000732900000000300027840047500060000300085000009200
175	001006000900004800000080200600070093200030607300005000030000019070019000080000702
176	000004000000009010020000048006045001270003080100800006800730000005000004010000700
177	100080304900050000000030250500020406000000000400609000090468000008000000002000560
178	840000309700800000300029008000000020006140050000057400070000800000900600000070002
179	005000090000000002007080400904250000008090600000000001500003018030000200000970050
180	000000950070005008020380004000000010300050000010000280050006002006097041007040009
181	050080000602000008703024000005000002000100003000050790006209000200076010040300000
182	080000004050003001090000070000000020207090180400700060000902600000400000008015000
183	000000000062000509804021000380005100000000700007640000050000904000030000000204830
184	000906000050020810610000007001002080000400000300000470003040000760009200200801000
185	000320009002000000000000506806030070300600000000700100700080050000109200900200008
186	915800007008500600400070300000008030100007000006000000073600050000040290000000100
187	500000000000006104000730900007000000365008012100000005000083601000401000004070830
188	800009000002100700000630050000000000060380000008054090000000000300005410150000003
189	100500300003100000008004500740000090000009000030206001902040060004020009000000450
190	003000200409600000060000010070000000502040060004290030000006009008930040300004001
191	000080006450000080300000700900000205506001009000008010000300007002009500010004300
192	003090000090087005080400000052300084000000500100000200400070060300000008076008100
193	030000079080040000000300400000029000095000600307000000709200010020400007000001980
194	020700050008000301000006002000060000006004000100082045030500000000000894090000010
195	003000460000030008060701000000020090040000702010000004000210000004600029090307106
196	007006000005000008020149000000000900000020703000000080300801000002030065058700004
197	000010005070400000000027090040000003007390000008070410023000000000000006000500309
198	700010000482000007090000058508000000000006082060000004009071200000062830000093010
199	105026000007500800000070060600001000300400000000000783030009050000702001901000200
200	000000050000900208604050000000010000001804900030000700500001020200030006800600090
201	004000000500000000070000942000084001008600053000090000600010500410000230705306000
202	000010005000500009270300000100200400000490000600000002700900020096003050008000600
203	800000040107080302000000060000400200080206000040097100035000000000020700002039005
204	070003009002900600050020100000000000040500070000300015007000008028001000030007040
205	000093006209060070005400000536000700000000000081900520800000091000002030004000000
206	506400000170000000000000971000900004000005003807004100760000800001006030008000450
207	060008100010000000000709000002000000000390008706020009040905020100070580000600004
208	000000010003009006090018005000300060080090040300000700530004000014003250900072000
209	050009870020000400000200001030000000600400000000608500100082000200000087076001090
210	009084070200000000385000600000640700000301000017000000600057300950200000000000820
211	201800390004201000000040100000000400000002058040790200090000005060000070180060000
212	800004006005610000300809400000000020206000080003007001000001300070036042000040179
213	000092005800070060000000008000900000900004000005000007300400080020007400050600903
214	304050000820000070060003080000000009000605002000007000090030004400510203005008600
215	000700010000000408070900000140000500000010390003000600030009700002007006600304020
216	074900000309000007082000000000600000007000030000002460003570904000040206500090100
217	006040078000090005100700000000064000600000150007000096080012000000000500920005730
218	401900000009010207600400900200000000007800000005039000008100059500000320020000104
219	000000030001900002800430005000180000900005100706000050008070300040091000500006000
220	002000000900040008000260900000300000856900003000000506200503070403070000000010800
221	017000000000003000030520000000039007070060001600000008068000040401700800000090500
222	302010060700000004690000003000430050000800000000006007000000210203050000000190508
223	940000830000010500060002000070006009200000000003500000008453001000900000000200004
224	400000009000060080063045000007600000000070020050030907006500100800000300090200000
225	170863000030000000000000408040100020027000901900006800000000040090608100000070005
226	908000300170000002060050000000006080000200090019080004000060800050000470700035006
227	300060004010080300000025709167000003002500000030002000400000000000093607600800000
228	080900000300002609004008300000740905500000030100000800000300007007001000610800000
229	300000005001500400000132008097000000210000070006000200002003500500704106030001000
230	500800004000360000090000008081000006200000000750000000970013080020600109006009042
231	570800000000200097000000600084700000002000704000000860100040903800900000006500012
232	100540000003000000900003700000005010302006040000000000000008409007200500009637000
233	500200087000009000006080000908000203020501000000000040000800070300700025000004300
234	003000402000203001000010000730000090082005070005060000060190020000080005090002800
235	904070005020060090000000000580004021000000800096200057600000000400630010200519000
236	000000086007000003200000000000000000050010640001300700500900000080203075043607002
237	109820700000031000084000530010008603000310090000700000500000200070154000400080000
238	080000000905002000073006090400000000000000302000970010000000100804039060000608070
239	400700800002000060000000500020000000000347000305000001200001600097086035600090400
240	000003019070000060009000703000034600000800092900051000000310000068000000020000578
241	000007003070090500000050800900000208300900000010080400047000002080700100060005300
242	020390601860000000003000800004000700900000000030604000305007006000050109790040580
243	000200700400800100508790000000000000003000080700105009095040060004017000030000005
244	700800000060500029008000301030005600020000000004070000000040000009200007005009406
245	600000007170030056903000000000050000000024070000100409205800000300000005068007000
246	100800360000300800000000072907000010000090000000567089030000000060450000700010420
247	000200500000048030300000000608900000007400086059020007000105003800060090710000000
248	020000054000080000000201609002890530080500000003000900000010098740000060000004000
249	030000000800004070060079300000701000000002090007060024603005900400000630090000250
250	000700008006090010000000300800310050960500000000004000000000006005207090683049002
251	100420000000009000450000600000000200000050030075080000000001980600000400349006000
252	053080700000070000000003000000004060300600009070000320096020080800500000005061097
253	705080000300007480000002705000029530000000000040100209400000000062590000500208000
254	200000060000470000800000740000100400008600509090003020001500000000000007640390100
255	200030000000000630070002900002000008103050700000410300000020500009500043600100009
256	700850000000900020001030000040070050500080709900000040000000005060002300007094200
257	007500000000060003130000000000003004000050807200170000902000005060900008005018030
258	203000060980000000000803000050004090002006430000007000070690810000100200000040500
259	380007009000000002007680500000060020960500000000008030700000000500279000040000006
260	000003750000000000608900100010000503000009870000020040900038000026000300000600908
261	276080109090000000000070002005000000000040800000801036000060000700500090040310007
262	000507006000038000900100050230065000000000600080002030406000500001000409007000020
263	004090000907010080020000000060003008000800010000004920400005700100008304000600000
264	050608200008050003600900000100800000940000005080060000700005000000039020010000870
265	004001800700000039000000000000850900900003000025100700032006000000090000601020004
266	006010000080002005059700004000058000007000901020004050000001700100000060072000043
267	000040000380000590970010400000001020090600003120007040008000009410000600039000700
268	000050009090000000000670480006000500040300010008746030609004800000000000200508040
269	300074000005020000000000603002790040000000201080005000004000000007050860000036000
270	005030100090060407000900600000300010000000705000204000100000270800000000200073086
271	500200970000000004093700000007040300020000600805600000030000009009170000001008405
272	040023000300000000000109000001000008000007002080640501003000400000000067659400020
273	000000040000006700093100050200005000000000002060030000030290106600700300040063090
274	009106008000000050000020000050408000300710000901000000000040070800003100723050600
275	000050000200000009005902070080000407000001003004800960060000000009400805700020100
276	850400006000100040002000500008020000010030690025009000790010003006000000000900070
277	820000100407000005000000060610970000000003000005068090000300000200009830034201000
278	300090020020000106004720000000080700005000000010070002000405001000000060059000043
279	050098030941000000008005006000030000500004200700800600820000000000300009000960804
280	001800900008069050000500030000007400200010000009000507300180000007000340040000190
281	000000040000061000009020013004807000076400300002059000300000108600000000000000270
282	980005000000030014603000820000600570000040000000009206006702000400500300002000060
283	090706000040000902000000050051030000009008007200060300000000020005014090002000400
284	000100000503600008000030400009002000300008056020000307000800603030000005100900040
285	000200000000700083043080000000500074000009008760400500000000060027850090490010020
286	030000000900860700000007000200003006004000000081004003002080090000906041000300200
287	403800000000109230000000700030200000027005104506080000000700000700000001081030090
288	000300000005000080010498006060100000000080001030050840090700030002000604000040709
289	507004200400000080000030090069000420000200000300080070000015000000379000000600019
290	700640000009000004050703002006050000092000800000009030300002100008500000000130400
291	500600000367000000000000300090001008001002943000508100700300005000100082100800400
292	090410000000005043000000000270009000084030500600000980020007050006000012850000064
293	000000902002010000000009040910070300004800600060001400050090000006000750300400060
294	008000906100000000305000700001042000000008004006070008940007030003014500000000000
295	002700600000120008890000000030001000007000201004000009700000000200080006049306007
296	000900700040020030008001000050008290070000000200007600080070500100000006003000108
297	001020030060000502000300000000900107070000004050407200008509300003700009706010000
298	000000900000000020000539400460000003009065800000000000002006010006010005580300007
299	000000030480000001501008000009010020000820700300090005000400007100900002007006503
300	070000208805007040600090000000230000000000073001000850009600000000015007000370060
301	000008001030000050041500000700150069690000000000090002000029700000070208060004000
302	000400030080000010000000206006004000094208005000030840700300080010900002000750000
303	900800020700060000024009008000006000200400000100000587000050000501007090000104250
304	040070000000080900000001000000000026907200000030000480600000040500016800408590030
305	076080000002016008008000301783090000000000000000007604090300000001060800037000910
306	208004301000030000001080064000000007000000006025301000090006000580907002040200790
307	000342000008000510300000090900003000000000650000000001096800000500061004804009005
308	100000900026008000050000080007304000010020030000001850000400008090005007504603090
309	000103024000805030507000010050900200023000069709080003102000000000000000060540100
310	007008609008000500050009002000300000570006000809500000000040200000260035400900100
311	500003080060080000003009200000000800080057902000010007000570600300000400010040050
312	000005000820409300000060804080501000900800000005000420000006000006004503543000009
313	905000080000070120030004060000206000104080000000005000003400500690000070002061030
314	605000400003460008000500010008020000070000000402000500001007080200050006700003004
315	091600000508000090060000400000007000000050170004000020920000300600100250400070080
316	060010004100002000000500001800000090050008600004079050000090070240700030608300000
317	000030174006001300000000090900008000000300000000000012008050009003090065007006200
318	009420500000600000030000400000054900700090000504200870000005003002000010807000000
319	000007000080300140130600900000000010450020080006004002000803000700000508000740000
320	000003024000809007500060090000070032400000000029040760280000000005210000007000006
321	020090070500000000003475009400006000000740000050800000070600091030080400000009020
322	000060500040000006005000040010005090403001050000098104000000067609847000082000000
323	000800000920000000004507001000026080000000209080000710000000400207030006010060007
324	000008900009000020523600000040800031300000700012050000000100002604005010000004590
325	600000004005010000087900305904005000100000280000003000000020600000000802040701000
326	050000030007000060002010000000000008203406000500708000030069200048002057000800000
327	003900004500070000000002000068040050000700200094053000005000921000000030009004085
328	700030500000600308000000000300080050800003206070100040016290700400000102030070000
329	080450000000000000040000276000005900000809005400010000003000008000561009009020010
330	000030007640000000300070465000800020002019000900000350003080000001050609450000000
331	003007409000080700009305000000000060010050008002003900050070010000608040020000300
332	010800000200009067090000000023000001400000000006012090000030800100090500080500702
333	070005942805020000000000005000000608406700000000003100700002080009060000301490000
334	870000000000070000090002008483000076000000300000004002000030050107048200360010004
335	000006000590007040806500003050000000002300081034000700400000096010080070000100000
336	090006700050910000008020000700000605000000800000650040040002000605000003300071080
337	000000000006008050930070000000030700060080003020100008300000010000002000480067090
338	000079008200060300045000001002100009000030500800000004000000040070910000400820170
339	020030000800400050007000000030085000295000000008060010060000900000371400001800000
340	087000000900000000000908103004000309000060050000070028600002000000004030041007685
341	090007000200001300000056000060000000139000000007000590005600704000024006002083005
342	002060008000015020060000000600000004400801000000050900000007090130000000705490306
343	060000200200300000070900608002000003080010590000000000104560000300071000008000410
344	000002890005830400080900000030024000000050109050000060300000000000300027406000300
345	001004030506000049000002100000900200000000006000036008270000000000403005090000010
346	603050007000080001400100000080020100000900006206004000070000200300000008005206000
347	000000400500040002000165008000836000120000050006000000080000090070050003004029000
348	020030000806002003703600000000700896000001300000064270000040609402100000090005000
349	030000000005102700060058000000000086002000900050000100480900250003000870000070003
350	008000600900508700000090003400000000056200100200915000010006205600140030000000000
351	610000800000084000300000000200100060060007023500000000900730008030601054006040000
352	008000002070400030030000400600310000084020010000050003009007046000100095700060020
353	014000000700093005000008094000500703120009000000010400008000500430000000000067000
354	002000000300090050000210000210005300005000070087000001003107005000600008400309700
355	630000005000000000004070600002180070000403000000900001050000063300042009010009004
356	106000020000003010000000500090038402080009000000004000702060053009000000001900047
357	060100000003009000070040920000000004002000061400701000030580090080000100007000430
358	100570000008094750000000000000000890001000047700003000080200003400050680006040019
359	000400006000005000009607000000500000547009001012000000005002010090010670080300200
360	020000010060200970090030000000002560700000003000060000000309100800000007070650020
361	000200009020000400000070600000042300500100004900000000709008030018009005000406007
362	000052706061090830000008000800000000003000050040600200000000070386001400950080000
363	000000090480070006016000008000010020004700000060204509020049050609800000100000000
364	008065000000000000005000001000020005010900600840003009900080002600052400080004036
365	793000000405060802000900000000000005000030908000405027070006030800002000039001700
366	186400003000051000095000200000000070000340025032000046908000000450080000000700500
367	000700100000000903000309078037008006004006005098070000000000009000040010060207830
368	070001060000000000900002500600070390000300000003005017080000940400006030000020176
369	010200050040908000008600000000000000080000003054000109060080507003010600807002030
370	007009000002830004000010000005060000000901053006040090000000709070006830000370502
371	300040008000000906000000030008300072020000800076010000000080190002001703000679005
372	000072003800000059000800000080405190000600000045200000000300800500000040001009306
373	500800007600000800000600020400000090300000400001095000048020700200013600703000100
374	008100300005000020000059400000001000061005738000090600004020010000970200080000000
375	000007000000009074000140063700080009500000008038000001064005000197300000000200100
376	050420000040060000700800000000900005503000006000604809000100608900000000230070000
377	000040030003000000609107000900080406000000005106000079000009000000460800705000900
378	060070000000040102000001000000705004809000000400008019540003206000050030070002098
379	008000064005008000070000005000600040000000080210407009803001090007000001000956700
380	000900470001040600800070000005000100710020950206000000100200000097060000000005030
381	590000000007140000000007003008000000030000092600010030980600100000000000004782600
382	003609000050020004920000360000000000000501002040000007008400090000905000000003170
383	050600019300021000100047000000000000000000027030400600480000200005000060000768090
384	300000194090000035100000000600000000000001520001400007000305080020090000730008040
385	002100004860907000047000000000050620000010070000004000680009000200500030500271000
386	040060300006000009013009080070000000000450900200000064700902030002000006000500090
387	000760000800000500540019200718000000000000000000300001420000060001097004000450003
388	010300000000080005000050710000000000020900004030206050000030006703800009002067000
389	060000000139000000007903000501000400000094005000000076000300700400085300300007010
390	000026000200800000040000309410072000000048016000500000100080702600000030070100800
391	000600048601004007080300000300020100009060050000100000030500002050000493408000001
392	500800000002000100000209050000000040621000300800003076009000003005610000080900400
393	005001706400000000000080502000073060060902104050000000010000000000300900896007030
394	109000780000080050500700000903600000062000400000000003030000240075800900000012008
395	090060004007000000300000620004000000270540001510000900050107000000082000000009807
396	000007042006040003007080000900004010070000009500100020050060900240000080000000030
397	000000000050200400001980006000000370100004000000650000060020008700000090009005012
398	100700084000000009386000700050641000000000020000009063000070800500000000070206050
399	009506000000000580680070010002009008000060705406000000700050020300090004000300070
400	000209700090005006008000000000800003009102500000030027000000800020076000053000009
401	657080012200000000080002000500000007070009030400600020000007096009160083000300000
402	000000048000100006040700000003500000500300000006014000605000030801000900000908102
403	016024070000300002025006400002091000000000001600000280000040100070600030003000950
404	002040005001050094009607000600000100007000000000830000700009000040000600000175080
405	000000800000037000090000052080040006069000000002000007300001000000306010006850024
406	500000602600080040020000000010000209000060000005000107004000000070040090032908000
407	003006900019080530260010000000000008000470000900031000890000703070000040000100602
408	100806000806740500000005000600004150000000082200010000020000003069100700007050000
409	000060000000400309080000072300200000090300057700001000000100704009000003015000090
410	100000285008000007305009004000200050700000000614000000001000000000006710000045900
411	800006010047905000020004070900000005000000020208040300430090700000080600000000059
412	000001006030000000060000420000000200000309007405706100006042030001007600002010800
413	000004003000032000060000000000050900004000080693080000018070600006000002040890070
414	070510030000000005000023000090600350020100006600092000500001080042308000806250040
415	000300000000600007093000080000020001000005000035970000080000014509400030000039200
416	050000900002000000310020560000000050030070001520100040000816000160350024000007000
417	050006080900030000010000634003000000007800102000470000000000700001050040800620900
418	008040010300009500000010000000001000600900000019600002906320400040000000502000096
419	030600004000040000070002090003000080098500000100000020000300200800701500000006107
420	100000000000080743080400000003900021000100350050000000409300080500020000610500200
421	100009000000000308003007040860900700000470900000002000050290460092780000006004000
422	003020000094130000000400000007080400060300700000960002900701308000800600500000004
423	400000958000000006000083024710000540000600001004701002000002605900500000080360000
424	600010050049000060802000000000007000751000002000062001020703500090000000100000740
425	000005900000600007005000030840000100900000060000002004010000050598070006030018090
426	000720000006000109700000080308560000490080010000000900000300000003008061000074300
427	000000010830020004400900800710000000040061000050800230000070109020005000060000048
428	000023070000000000000800014408106000000000000007000360270090140040500900500030000
429	250300709007000100090070500000000400943200007000000090000002000700560004425001003
430	800500007036000000900300000001700900000000000580040020000002490020050700100967250
431	000001050070000000000600008004900080702000600009000301200048000080170406040030010
432	007500000060900008000000540300007002706008090000005800015809003200060410600100000
433	050020000000000602300000008020000940001070003006540070004060000203400050060100000
434	000703000900010003300500000005000160003008007108000005004090620006000700000607080
435	069001005020000000500300000800060000070143000000205000000000028010700460286009000
436	050020000000090000602805700000308000000700030001050004000400009038006070900000040
437	000000020040600010030100009000065000091007006708000040200003000900010800003800000
438	003400579000950000000063000050000000028000100100008920000706300000000060090000485
439	400000620000030400002080079000200840000390006000010000020070000007900010063000700
440	003020015000800460800000002000000500040200900000046100079000000160408000208060000
441	000500290009026000000080041623000400008000005040300080900601000050400000030008000
442	000003080000000007005060020070000400000006000203050706080001000007040100019500300
443	960000007000000800000850030000040900500002060304000100080029005000400001100000398
444	000603420040090000690000007000000000008350001400000000071005003300400096000100200
445	000024590085000030006000004300000008600200009700051400000000305800070901002008000
446	010060000409000010200030009700000080000800100008007026000000060050104070001650002
447	200000009900050640010000700003200007000308000002006010590004060070000508006005000
448	007020900000800200050700010700500000000000030012090004000004300080000020004357000
449	900072000400000820000050000000080164500100030300060700003000400050800000006530000
450	000000410000002030010000005009207050800090000040000308090008003000061000004030920
451	300090600000004000100720000007000086820000050000600000050031900700800004090060300
452	900000070000002000040000003670020800001890200000000000057080100003900080009507300
453	000901060004300000000700015709000000003000940000102000040200000005000080097050600
454	000008010009700408000650000000840350005000280700060000053200170901000000000090000
455	000009005002000034009500000000050080138040000000900001005600000040000013600100020
456	160000090500000780000002010004607005900000000000590600090850000208300000010400000
457	754900000000380006000000000000000010806050003000001002200000034040006000609000700
458	060070000100000420000900008005000090000600800070000051780020100300860070000450002
459	267000000000000000034080006400050320000094700002007009000000093900600154000040060
460	070800050000054000400002803090607020023000701000000500250000000004000000008070130
461	008070900403600800200000005000060020024300000007000500300000704010400090006097000
462	980000000060007008005009460000020070200000540107003000002000050003040007000500020
463	030000100000307000107090000069001000004000000000735006000009004058400630000500900
464	000000006904003007000024800600078032000009500302006000040000903503090000000000028
465	047890000000000000095017000000054001800072900050003000003001048600000570000008300
466	004800070020090400190003000000002050000010900000000760500000000006400300070300695
467	000000700508000000006008090000080003700002510000530000960400000000070002400091006
468	000006008030007100000300009000705006000080000145000000000200083608050000500400200
469	000300002000900007009804000062040000000000510091000000300000600076020083020090001
470	904000010000000800830070064708009000201060000009200500000000006000100070002005190
471	600000700090027060000500000000000906050300008004000001000090000702030090300806050
472	090000300302000100800000069000800036070000001000004000180003070027005940030400002
473	005002009000070580030009002009600000100000090800200100010000805300800070000003016
474	100009008004507020070030000200000600000800010000000049960003007003040000000016005
475	000060005000000060470000080000045038040009000560000072130000000000082000090700300
476	000580900000000000900640000001300000480090007000005603018003075040000090000064002
477	004000000800010000093000050000059701070200005050001600000000000069407000530600009
478	000000009000000021002300000050200007809004005013900004270010090090500600400000103
479	090050070120600000500008009070010004230000900010480000000802000000005340000000007
480	700000000920006450040035000000000000000070006600001020800503062090002500002060034
481	000760180000000065000040000000900078041000000007000004200300000450007000090000802
482	006009010708000020000006000004000006100090000050000138003000000200708005070410060
483	240000009500000010001004000908500000000106480600000052090001300000030020000200008
484	700600009000070100000800002020040000600050000080000600030005400060020700802000501
485	000509060090700010108000000309080200400900005000020004040000008080400050700000100
486	008000400050602309600400050003000700900006002000000010000047900020001000400053080
487	500607080009200400000000007701003000080000000205000301100000008800000500004500009
488	400002060000950000007104028000000700000009000010080005603000070091200400800001002
489	000050100000600030000002500080003040403090010750000000000100004802307000017000208
490	028300100001009400000072006000800003002910000000004700070001009209060014006000300
491	000500432040006070000302000006010000000700024003000700500060000890000360000007980
492	000000600034700000000000140050040000000000020600190003001060052040080701009200000
493	400070060097000028000000500000007800305080000000390400000006010060408200002000300
494	010800004002600000054000200000100920090072600000005031000000300005060400089500006
495	020004010000000070901000005000060000008000050300510960090038007054902000000000002
496	000000070700801000003700000500028009021500080000400003105000200000040006908002000
497	000007000005600400010003090108000000600000009034090560000200100002000007000050340
498	000600008030000020004010000850000306100006500000009000000840600400500910001000007
499	302090001000000000005006903000000000020034650800000307004020000009007006600008140
500	200500009004006300000000000000000200070800000506030000300081500000750063701600840
501	060007350400001000000209000720090005000500001000060490009000100503000070010000080
502	020983100009200400000000000105700090040050007000408005000000000000809020270640000
503	070000590031007000000900023300250014100000060500010900000100080008000002002003000
504	000002100200000007000000030900008405000070006460003010009307000038059070050040000
505	040000000000000070500000309800700600001053008097080001030690000200400050700002006
506	000500960007002000000078000060003784703050090002900000100060840000000000030800006
507	009020000200400709000300000030000205008906000706003000003800001000000500000040002
508	450020000001007008000000050900000000000008900000030500038009600020570000096100002
509	010000000070450010000370020091506000000200000005090000000800009008009104020004078
510	800000090200000010730000400040003000500200300006017008010002000000400500070008036
511	100972005000000800205004001000000000004000037609030100052000000700041000030028700
512	000601030000500010280040000060200005097000000004000300070109000009760200800000007
513	006000000380470000207800000000050000700009001000030024800000040010040039004916002
514	000037950005008020300000000700009602130000007000000300406010000070050000080400060
515	003070000000000000000500109000009608000600010002007500050800400600230805030010006
516	000000071000730806480000030000004000000500107900003002100402300090081000028000000
517	018050003300004690000700000000000200000039000060100000000070405109000000030020060
518	083007009010000000607000035000000080000200000000090076400100090050600320008304607
519	000000701000100085000000000300760020020548000700002000030050900040006002080094036
520	020030087000100050006097000002500000000000060790200003000000090058076000040008100
521	040170509000005030080000000600908201000500908100000000730400005010000000900000103
522	700090800000503001000600920000002050008000009300400000040907000030060090050000208
523	000000026600000301030500000000109002000000030050064009309050000200708090080020000
524	700403000000000004900076050080000000000260090030000026001920780040050600000000000
525	104300000003250000700000020010000006800000904200064007001000000060109702070000500
526	000040250090003806050009000016005030003000000005900000000802903000000020800600005
527	000000000680052907000007002000006040026080090890000030030020801000013000750800000
528	080400076000000021050000800200000040000300090004097600000009018400010000300080002
529	020600134078000090000400000800060300000002007000000010000009500003000420007018000
530	000000000040300006010005000003000004002008900900001203056000000009100070000904050
531	002450007005007000040060300100006000000900036000000705670003009020010080090000200
532	000400000004700000200000900000006000063000204020305700000500078070000409300208006
533	030000050000100090050400002000049003000000000006713040200000008009020001003806200
534	000000000005080031003040000000000000000914007102000008080000500750009402600270100
535	030002004000601000050030070070160080005000900010000030007480020001000095020000408
536	000006038380050004065070000000000000097400005000060020009500040000100000504098007
537	020000000070010085500000000006070008400009010000480006850060072000005004010098000
538	140700900003000000000000000050008600000001050769020010000002000000500490680400203
539	000060000003000604060904801109000000000000000700018500000400050000005290020306700
540	002750809070090005000100200000030000050200030007009420700300000004000900203018000
541	003200080060000010405070000000700000000420609120000000800000000501086000000057830
542	320087900600200050000950000900000107001006800203000500030000002000700000009008700
543	020040900000008064000500070400006000000027001175300000500009000963000008010003000
544	000900800930010000006004000304508000010003900050040000107020600000400010000300080
545	060000091700100000000005200400000000001002603090430018800000006652004030049000050
546	000000056020690100080300000050030000800006090004800000100000820070050030003007600
547	100000000835460010007200000600900700000000000052030180010000020090000000000603057
548	008007000000000050000900008300000297900000000050040030005072480072301500030004000
549	054300000000009003608000004100000080000002070790004000000000000800160000001095306
550	008000760010000400050016000290004030000038005500000640006940000030050010000000900
551	400090000018000007000000040040017000900300100000580003200001000003005009090008605
552	631000005020000060000200009700060800000150000003080000200003007019500003000820900
553	060000080700089005005000006000420000000700000200000700051060004930010200000300050
554	010000003000053200460000001000417000007080000020009000180000002000020970200030104
555	040000000180003000000059000000100950900000278002000006001020700300075090097000400
556	050000082000000300007900004000071000600000000703460000001520790000310000080700450
557	090000040004090000000000130080010000300089500000006401500000000930702000006005970
558	056800400700000008094000070160209700020000090000010000000050819000102500070000006
559	000204000006001000000006480001092005400007102069000000000000207090000000050078600
560	030400007000120004070900500500000000600090000000800100140000080050000200807060300
561	006540070000002080500000010080900040040001700023000000000207003301006008060080000
562	400090030000000500005000040000007002107002000000580063601000000070026908320800000
